[0.83999997]
[0.83999997 0.83999997]
[0.83999997 0.83999997 0.86000001]
[0.83999997 0.83999997 0.86000001 0.83999997]
[0.83999997 0.83999997 0.86000001 0.83999997 0.86000001]
[0.83999997 0.83999997 0.86000001 0.83999997 0.86000001 0.83999997]
[0.83999997 0.83999997 0.86000001 0.83999997 0.86000001 0.83999997
 0.83999997]
[0.83999997 0.83999997 0.86000001 0.83999997 0.86000001 0.83999997
 0.83999997 0.86000001]
[0.83999997 0.83999997 0.86000001 0.83999997 0.86000001 0.83999997
 0.83999997 0.86000001 0.86000001]
[0.83999997]
[0.83999997 0.86000001]
[0.83999997 0.86000001 0.86000001]
[0.83999997 0.86000001 0.86000001 0.86000001]
[0.83999997 0.86000001 0.86000001 0.86000001 0.86000001]
[0.83999997 0.86000001 0.86000001 0.86000001 0.86000001 0.86000001]
[0.83999997 0.86000001 0.86000001 0.86000001 0.86000001 0.86000001
 0.86000001]
[0.83999997 0.86000001 0.86000001 0.86000001 0.86000001 0.86000001
 0.86000001 0.86000001]
[0.83999997 0.86000001 0.86000001 0.86000001 0.86000001 0.86000001
 0.86000001 0.86000001 0.86000001]
[0.83999997 0.86000001 0.86000001 0.86000001 0.86000001 0.86000001
 0.86000001 0.86000001 0.86000001 0.86000001]
[0.83999997 0.86000001 0.86000001 0.86000001 0.86000001 0.86000001
 0.86000001 0.86000001 0.86000001 0.86000001 0.86000001]
[0.83999997 0.86000001 0.86000001 0.86000001 0.86000001 0.86000001
 0.86000001 0.86000001 0.86000001 0.86000001 0.86000001 0.86000001]
[0.83999997 0.86000001 0.86000001 0.86000001 0.86000001 0.86000001
 0.86000001 0.86000001 0.86000001 0.86000001 0.86000001 0.86000001
 0.86000001]
[0.83999997 0.86000001 0.86000001 0.86000001 0.86000001 0.86000001
 0.86000001 0.86000001 0.86000001 0.86000001 0.86000001 0.86000001
 0.86000001 0.86000001]
[0.83999997 0.86000001 0.86000001 0.86000001 0.86000001 0.86000001
 0.86000001 0.86000001 0.86000001 0.86000001 0.86000001 0.86000001
 0.86000001 0.86000001 0.86000001]
[0.83999997 0.86000001 0.86000001 0.86000001 0.86000001 0.86000001
 0.86000001 0.86000001 0.86000001 0.86000001 0.86000001 0.86000001
 0.86000001 0.86000001 0.86000001 0.86000001]
[0.83999997 0.86000001 0.86000001 0.86000001 0.86000001 0.86000001
 0.86000001 0.86000001 0.86000001 0.86000001 0.86000001 0.86000001
 0.86000001 0.86000001 0.86000001 0.86000001 0.86000001]
[0.83999997 0.86000001 0.86000001 0.86000001 0.86000001 0.86000001
 0.86000001 0.86000001 0.86000001 0.86000001 0.86000001 0.86000001
 0.86000001 0.86000001 0.86000001 0.86000001 0.86000001 0.86000001]
[0.83999997 0.86000001 0.86000001 0.86000001 0.86000001 0.86000001
 0.86000001 0.86000001 0.86000001 0.86000001 0.86000001 0.86000001
 0.86000001 0.86000001 0.86000001 0.86000001 0.86000001 0.86000001
 0.86000001]
[0.83999997 0.86000001 0.86000001 0.86000001 0.86000001 0.86000001
 0.86000001 0.86000001 0.86000001 0.86000001 0.86000001 0.86000001
 0.86000001 0.86000001 0.86000001 0.86000001 0.86000001 0.86000001
 0.86000001 0.86000001]
[0.83999997 0.86000001 0.86000001 0.86000001 0.86000001 0.86000001
 0.86000001 0.86000001 0.86000001 0.86000001 0.86000001 0.86000001
 0.86000001 0.86000001 0.86000001 0.86000001 0.86000001 0.86000001
 0.86000001 0.86000001 0.86000001]
[0.83999997 0.86000001 0.86000001 0.86000001 0.86000001 0.86000001
 0.86000001 0.86000001 0.86000001 0.86000001 0.86000001 0.86000001
 0.86000001 0.86000001 0.86000001 0.86000001 0.86000001 0.86000001
 0.86000001 0.86000001 0.86000001 0.86000001]
[0.83999997 0.86000001 0.86000001 0.86000001 0.86000001 0.86000001
 0.86000001 0.86000001 0.86000001 0.86000001 0.86000001 0.86000001
 0.86000001 0.86000001 0.86000001 0.86000001 0.86000001 0.86000001
 0.86000001 0.86000001 0.86000001 0.86000001 0.86000001]
[0.83999997 0.86000001 0.86000001 0.86000001 0.86000001 0.86000001
 0.86000001 0.86000001 0.86000001 0.86000001 0.86000001 0.86000001
 0.86000001 0.86000001 0.86000001 0.86000001 0.86000001 0.86000001
 0.86000001 0.86000001 0.86000001 0.86000001 0.86000001 0.86000001]
[0.83999997 0.86000001 0.86000001 0.86000001 0.86000001 0.86000001
 0.86000001 0.86000001 0.86000001 0.86000001 0.86000001 0.86000001
 0.86000001 0.86000001 0.86000001 0.86000001 0.86000001 0.86000001
 0.86000001 0.86000001 0.86000001 0.86000001 0.86000001 0.86000001
 0.86000001]
[0.83999997 0.86000001 0.86000001 0.86000001 0.86000001 0.86000001
 0.86000001 0.86000001 0.86000001 0.86000001 0.86000001 0.86000001
 0.86000001 0.86000001 0.86000001 0.86000001 0.86000001 0.86000001
 0.86000001 0.86000001 0.86000001 0.86000001 0.86000001 0.86000001
 0.86000001 0.86000001]
[0.83999997 0.86000001 0.86000001 0.86000001 0.86000001 0.86000001
 0.86000001 0.86000001 0.86000001 0.86000001 0.86000001 0.86000001
 0.86000001 0.86000001 0.86000001 0.86000001 0.86000001 0.86000001
 0.86000001 0.86000001 0.86000001 0.86000001 0.86000001 0.86000001
 0.86000001 0.86000001 0.86000001]
[0.83999997 0.86000001 0.86000001 0.86000001 0.86000001 0.86000001
 0.86000001 0.86000001 0.86000001 0.86000001 0.86000001 0.86000001
 0.86000001 0.86000001 0.86000001 0.86000001 0.86000001 0.86000001
 0.86000001 0.86000001 0.86000001 0.86000001 0.86000001 0.86000001
 0.86000001 0.86000001 0.86000001 0.86000001]
[0.83999997 0.86000001 0.86000001 0.86000001 0.86000001 0.86000001
 0.86000001 0.86000001 0.86000001 0.86000001 0.86000001 0.86000001
 0.86000001 0.86000001 0.86000001 0.86000001 0.86000001 0.86000001
 0.86000001 0.86000001 0.86000001 0.86000001 0.86000001 0.86000001
 0.86000001 0.86000001 0.86000001 0.86000001 0.86000001]
[0.83999997 0.86000001 0.86000001 0.86000001 0.86000001 0.86000001
 0.86000001 0.86000001 0.86000001 0.86000001 0.86000001 0.86000001
 0.86000001 0.86000001 0.86000001 0.86000001 0.86000001 0.86000001
 0.86000001 0.86000001 0.86000001 0.86000001 0.86000001 0.86000001
 0.86000001 0.86000001 0.86000001 0.86000001 0.86000001 0.86000001]
[0.83999997 0.86000001 0.86000001 0.86000001 0.86000001 0.86000001
 0.86000001 0.86000001 0.86000001 0.86000001 0.86000001 0.86000001
 0.86000001 0.86000001 0.86000001 0.86000001 0.86000001 0.86000001
 0.86000001 0.86000001 0.86000001 0.86000001 0.86000001 0.86000001
 0.86000001 0.86000001 0.86000001 0.86000001 0.86000001 0.86000001
 0.86000001]
[0.83999997 0.86000001 0.86000001 0.86000001 0.86000001 0.86000001
 0.86000001 0.86000001 0.86000001 0.86000001 0.86000001 0.86000001
 0.86000001 0.86000001 0.86000001 0.86000001 0.86000001 0.86000001
 0.86000001 0.86000001 0.86000001 0.86000001 0.86000001 0.86000001
 0.86000001 0.86000001 0.86000001 0.86000001 0.86000001 0.86000001
 0.86000001 0.86000001]
[0.83999997 0.86000001 0.86000001 0.86000001 0.86000001 0.86000001
 0.86000001 0.86000001 0.86000001 0.86000001 0.86000001 0.86000001
 0.86000001 0.86000001 0.86000001 0.86000001 0.86000001 0.86000001
 0.86000001 0.86000001 0.86000001 0.86000001 0.86000001 0.86000001
 0.86000001 0.86000001 0.86000001 0.86000001 0.86000001 0.86000001
 0.86000001 0.86000001 0.86000001]
[0.83999997 0.86000001 0.86000001 0.86000001 0.86000001 0.86000001
 0.86000001 0.86000001 0.86000001 0.86000001 0.86000001 0.86000001
 0.86000001 0.86000001 0.86000001 0.86000001 0.86000001 0.86000001
 0.86000001 0.86000001 0.86000001 0.86000001 0.86000001 0.86000001
 0.86000001 0.86000001 0.86000001 0.86000001 0.86000001 0.86000001
 0.86000001 0.86000001 0.86000001 0.86000001]
[0.83999997 0.86000001 0.86000001 0.86000001 0.86000001 0.86000001
 0.86000001 0.86000001 0.86000001 0.86000001 0.86000001 0.86000001
 0.86000001 0.86000001 0.86000001 0.86000001 0.86000001 0.86000001
 0.86000001 0.86000001 0.86000001 0.86000001 0.86000001 0.86000001
 0.86000001 0.86000001 0.86000001 0.86000001 0.86000001 0.86000001
 0.86000001 0.86000001 0.86000001 0.86000001 0.86000001]
[0.83999997 0.86000001 0.86000001 0.86000001 0.86000001 0.86000001
 0.86000001 0.86000001 0.86000001 0.86000001 0.86000001 0.86000001
 0.86000001 0.86000001 0.86000001 0.86000001 0.86000001 0.86000001
 0.86000001 0.86000001 0.86000001 0.86000001 0.86000001 0.86000001
 0.86000001 0.86000001 0.86000001 0.86000001 0.86000001 0.86000001
 0.86000001 0.86000001 0.86000001 0.86000001 0.86000001 0.86000001]
[0.83999997 0.86000001 0.86000001 0.86000001 0.86000001 0.86000001
 0.86000001 0.86000001 0.86000001 0.86000001 0.86000001 0.86000001
 0.86000001 0.86000001 0.86000001 0.86000001 0.86000001 0.86000001
 0.86000001 0.86000001 0.86000001 0.86000001 0.86000001 0.86000001
 0.86000001 0.86000001 0.86000001 0.86000001 0.86000001 0.86000001
 0.86000001 0.86000001 0.86000001 0.86000001 0.86000001 0.86000001
 0.86000001]
[0.83999997 0.86000001 0.86000001 0.86000001 0.86000001 0.86000001
 0.86000001 0.86000001 0.86000001 0.86000001 0.86000001 0.86000001
 0.86000001 0.86000001 0.86000001 0.86000001 0.86000001 0.86000001
 0.86000001 0.86000001 0.86000001 0.86000001 0.86000001 0.86000001
 0.86000001 0.86000001 0.86000001 0.86000001 0.86000001 0.86000001
 0.86000001 0.86000001 0.86000001 0.86000001 0.86000001 0.86000001
 0.86000001 0.86000001]
[0.83999997 0.86000001 0.86000001 0.86000001 0.86000001 0.86000001
 0.86000001 0.86000001 0.86000001 0.86000001 0.86000001 0.86000001
 0.86000001 0.86000001 0.86000001 0.86000001 0.86000001 0.86000001
 0.86000001 0.86000001 0.86000001 0.86000001 0.86000001 0.86000001
 0.86000001 0.86000001 0.86000001 0.86000001 0.86000001 0.86000001
 0.86000001 0.86000001 0.86000001 0.86000001 0.86000001 0.86000001
 0.86000001 0.86000001 0.86000001]
[0.83999997 0.86000001 0.86000001 0.86000001 0.86000001 0.86000001
 0.86000001 0.86000001 0.86000001 0.86000001 0.86000001 0.86000001
 0.86000001 0.86000001 0.86000001 0.86000001 0.86000001 0.86000001
 0.86000001 0.86000001 0.86000001 0.86000001 0.86000001 0.86000001
 0.86000001 0.86000001 0.86000001 0.86000001 0.86000001 0.86000001
 0.86000001 0.86000001 0.86000001 0.86000001 0.86000001 0.86000001
 0.86000001 0.86000001 0.86000001 0.86000001]
[0.83999997 0.86000001 0.86000001 0.86000001 0.86000001 0.86000001
 0.86000001 0.86000001 0.86000001 0.86000001 0.86000001 0.86000001
 0.86000001 0.86000001 0.86000001 0.86000001 0.86000001 0.86000001
 0.86000001 0.86000001 0.86000001 0.86000001 0.86000001 0.86000001
 0.86000001 0.86000001 0.86000001 0.86000001 0.86000001 0.86000001
 0.86000001 0.86000001 0.86000001 0.86000001 0.86000001 0.86000001
 0.86000001 0.86000001 0.86000001 0.86000001 0.86000001]
[0.83999997 0.86000001 0.86000001 0.86000001 0.86000001 0.86000001
 0.86000001 0.86000001 0.86000001 0.86000001 0.86000001 0.86000001
 0.86000001 0.86000001 0.86000001 0.86000001 0.86000001 0.86000001
 0.86000001 0.86000001 0.86000001 0.86000001 0.86000001 0.86000001
 0.86000001 0.86000001 0.86000001 0.86000001 0.86000001 0.86000001
 0.86000001 0.86000001 0.86000001 0.86000001 0.86000001 0.86000001
 0.86000001 0.86000001 0.86000001 0.86000001 0.86000001 0.86000001]
[0.83999997 0.86000001 0.86000001 0.86000001 0.86000001 0.86000001
 0.86000001 0.86000001 0.86000001 0.86000001 0.86000001 0.86000001
 0.86000001 0.86000001 0.86000001 0.86000001 0.86000001 0.86000001
 0.86000001 0.86000001 0.86000001 0.86000001 0.86000001 0.86000001
 0.86000001 0.86000001 0.86000001 0.86000001 0.86000001 0.86000001
 0.86000001 0.86000001 0.86000001 0.86000001 0.86000001 0.86000001
 0.86000001 0.86000001 0.86000001 0.86000001 0.86000001 0.86000001
 0.86000001]
[0.83999997 0.86000001 0.86000001 0.86000001 0.86000001 0.86000001
 0.86000001 0.86000001 0.86000001 0.86000001 0.86000001 0.86000001
 0.86000001 0.86000001 0.86000001 0.86000001 0.86000001 0.86000001
 0.86000001 0.86000001 0.86000001 0.86000001 0.86000001 0.86000001
 0.86000001 0.86000001 0.86000001 0.86000001 0.86000001 0.86000001
 0.86000001 0.86000001 0.86000001 0.86000001 0.86000001 0.86000001
 0.86000001 0.86000001 0.86000001 0.86000001 0.86000001 0.86000001
 0.86000001 0.86000001]
[0.83999997 0.86000001 0.86000001 0.86000001 0.86000001 0.86000001
 0.86000001 0.86000001 0.86000001 0.86000001 0.86000001 0.86000001
 0.86000001 0.86000001 0.86000001 0.86000001 0.86000001 0.86000001
 0.86000001 0.86000001 0.86000001 0.86000001 0.86000001 0.86000001
 0.86000001 0.86000001 0.86000001 0.86000001 0.86000001 0.86000001
 0.86000001 0.86000001 0.86000001 0.86000001 0.86000001 0.86000001
 0.86000001 0.86000001 0.86000001 0.86000001 0.86000001 0.86000001
 0.86000001 0.86000001 0.83999997]
[0.83999997 0.86000001 0.86000001 0.86000001 0.86000001 0.86000001
 0.86000001 0.86000001 0.86000001 0.86000001 0.86000001 0.86000001
 0.86000001 0.86000001 0.86000001 0.86000001 0.86000001 0.86000001
 0.86000001 0.86000001 0.86000001 0.86000001 0.86000001 0.86000001
 0.86000001 0.86000001 0.86000001 0.86000001 0.86000001 0.86000001
 0.86000001 0.86000001 0.86000001 0.86000001 0.86000001 0.86000001
 0.86000001 0.86000001 0.86000001 0.86000001 0.86000001 0.86000001
 0.86000001 0.86000001 0.83999997 0.83999997]
[0.83999997 0.86000001 0.86000001 0.86000001 0.86000001 0.86000001
 0.86000001 0.86000001 0.86000001 0.86000001 0.86000001 0.86000001
 0.86000001 0.86000001 0.86000001 0.86000001 0.86000001 0.86000001
 0.86000001 0.86000001 0.86000001 0.86000001 0.86000001 0.86000001
 0.86000001 0.86000001 0.86000001 0.86000001 0.86000001 0.86000001
 0.86000001 0.86000001 0.86000001 0.86000001 0.86000001 0.86000001
 0.86000001 0.86000001 0.86000001 0.86000001 0.86000001 0.86000001
 0.86000001 0.86000001 0.83999997 0.83999997 0.83999997]
[0.83999997 0.86000001 0.86000001 0.86000001 0.86000001 0.86000001
 0.86000001 0.86000001 0.86000001 0.86000001 0.86000001 0.86000001
 0.86000001 0.86000001 0.86000001 0.86000001 0.86000001 0.86000001
 0.86000001 0.86000001 0.86000001 0.86000001 0.86000001 0.86000001
 0.86000001 0.86000001 0.86000001 0.86000001 0.86000001 0.86000001
 0.86000001 0.86000001 0.86000001 0.86000001 0.86000001 0.86000001
 0.86000001 0.86000001 0.86000001 0.86000001 0.86000001 0.86000001
 0.86000001 0.86000001 0.83999997 0.83999997 0.83999997 0.83999997]
[0.83999997 0.86000001 0.86000001 0.86000001 0.86000001 0.86000001
 0.86000001 0.86000001 0.86000001 0.86000001 0.86000001 0.86000001
 0.86000001 0.86000001 0.86000001 0.86000001 0.86000001 0.86000001
 0.86000001 0.86000001 0.86000001 0.86000001 0.86000001 0.86000001
 0.86000001 0.86000001 0.86000001 0.86000001 0.86000001 0.86000001
 0.86000001 0.86000001 0.86000001 0.86000001 0.86000001 0.86000001
 0.86000001 0.86000001 0.86000001 0.86000001 0.86000001 0.86000001
 0.86000001 0.86000001 0.83999997 0.83999997 0.83999997 0.83999997
 0.83999997]
[0.83999997 0.86000001 0.86000001 0.86000001 0.86000001 0.86000001
 0.86000001 0.86000001 0.86000001 0.86000001 0.86000001 0.86000001
 0.86000001 0.86000001 0.86000001 0.86000001 0.86000001 0.86000001
 0.86000001 0.86000001 0.86000001 0.86000001 0.86000001 0.86000001
 0.86000001 0.86000001 0.86000001 0.86000001 0.86000001 0.86000001
 0.86000001 0.86000001 0.86000001 0.86000001 0.86000001 0.86000001
 0.86000001 0.86000001 0.86000001 0.86000001 0.86000001 0.86000001
 0.86000001 0.86000001 0.83999997 0.83999997 0.83999997 0.83999997
 0.83999997 0.83999997]
[0.83999997 0.86000001 0.86000001 0.86000001 0.86000001 0.86000001
 0.86000001 0.86000001 0.86000001 0.86000001 0.86000001 0.86000001
 0.86000001 0.86000001 0.86000001 0.86000001 0.86000001 0.86000001
 0.86000001 0.86000001 0.86000001 0.86000001 0.86000001 0.86000001
 0.86000001 0.86000001 0.86000001 0.86000001 0.86000001 0.86000001
 0.86000001 0.86000001 0.86000001 0.86000001 0.86000001 0.86000001
 0.86000001 0.86000001 0.86000001 0.86000001 0.86000001 0.86000001
 0.86000001 0.86000001 0.83999997 0.83999997 0.83999997 0.83999997
 0.83999997 0.83999997 0.83999997]
[0.83999997 0.86000001 0.86000001 0.86000001 0.86000001 0.86000001
 0.86000001 0.86000001 0.86000001 0.86000001 0.86000001 0.86000001
 0.86000001 0.86000001 0.86000001 0.86000001 0.86000001 0.86000001
 0.86000001 0.86000001 0.86000001 0.86000001 0.86000001 0.86000001
 0.86000001 0.86000001 0.86000001 0.86000001 0.86000001 0.86000001
 0.86000001 0.86000001 0.86000001 0.86000001 0.86000001 0.86000001
 0.86000001 0.86000001 0.86000001 0.86000001 0.86000001 0.86000001
 0.86000001 0.86000001 0.83999997 0.83999997 0.83999997 0.83999997
 0.83999997 0.83999997 0.83999997 0.80000001]
[0.83999997 0.86000001 0.86000001 0.86000001 0.86000001 0.86000001
 0.86000001 0.86000001 0.86000001 0.86000001 0.86000001 0.86000001
 0.86000001 0.86000001 0.86000001 0.86000001 0.86000001 0.86000001
 0.86000001 0.86000001 0.86000001 0.86000001 0.86000001 0.86000001
 0.86000001 0.86000001 0.86000001 0.86000001 0.86000001 0.86000001
 0.86000001 0.86000001 0.86000001 0.86000001 0.86000001 0.86000001
 0.86000001 0.86000001 0.86000001 0.86000001 0.86000001 0.86000001
 0.86000001 0.86000001 0.83999997 0.83999997 0.83999997 0.83999997
 0.83999997 0.83999997 0.83999997 0.80000001 0.80000001]
[0.83999997 0.86000001 0.86000001 0.86000001 0.86000001 0.86000001
 0.86000001 0.86000001 0.86000001 0.86000001 0.86000001 0.86000001
 0.86000001 0.86000001 0.86000001 0.86000001 0.86000001 0.86000001
 0.86000001 0.86000001 0.86000001 0.86000001 0.86000001 0.86000001
 0.86000001 0.86000001 0.86000001 0.86000001 0.86000001 0.86000001
 0.86000001 0.86000001 0.86000001 0.86000001 0.86000001 0.86000001
 0.86000001 0.86000001 0.86000001 0.86000001 0.86000001 0.86000001
 0.86000001 0.86000001 0.83999997 0.83999997 0.83999997 0.83999997
 0.83999997 0.83999997 0.83999997 0.80000001 0.80000001 0.80000001]
[0.83999997 0.86000001 0.86000001 0.86000001 0.86000001 0.86000001
 0.86000001 0.86000001 0.86000001 0.86000001 0.86000001 0.86000001
 0.86000001 0.86000001 0.86000001 0.86000001 0.86000001 0.86000001
 0.86000001 0.86000001 0.86000001 0.86000001 0.86000001 0.86000001
 0.86000001 0.86000001 0.86000001 0.86000001 0.86000001 0.86000001
 0.86000001 0.86000001 0.86000001 0.86000001 0.86000001 0.86000001
 0.86000001 0.86000001 0.86000001 0.86000001 0.86000001 0.86000001
 0.86000001 0.86000001 0.83999997 0.83999997 0.83999997 0.83999997
 0.83999997 0.83999997 0.83999997 0.80000001 0.80000001 0.80000001
 0.80000001]
[0.83999997 0.86000001 0.86000001 0.86000001 0.86000001 0.86000001
 0.86000001 0.86000001 0.86000001 0.86000001 0.86000001 0.86000001
 0.86000001 0.86000001 0.86000001 0.86000001 0.86000001 0.86000001
 0.86000001 0.86000001 0.86000001 0.86000001 0.86000001 0.86000001
 0.86000001 0.86000001 0.86000001 0.86000001 0.86000001 0.86000001
 0.86000001 0.86000001 0.86000001 0.86000001 0.86000001 0.86000001
 0.86000001 0.86000001 0.86000001 0.86000001 0.86000001 0.86000001
 0.86000001 0.86000001 0.83999997 0.83999997 0.83999997 0.83999997
 0.83999997 0.83999997 0.83999997 0.80000001 0.80000001 0.80000001
 0.80000001 0.80000001]
[0.83999997 0.86000001 0.86000001 0.86000001 0.86000001 0.86000001
 0.86000001 0.86000001 0.86000001 0.86000001 0.86000001 0.86000001
 0.86000001 0.86000001 0.86000001 0.86000001 0.86000001 0.86000001
 0.86000001 0.86000001 0.86000001 0.86000001 0.86000001 0.86000001
 0.86000001 0.86000001 0.86000001 0.86000001 0.86000001 0.86000001
 0.86000001 0.86000001 0.86000001 0.86000001 0.86000001 0.86000001
 0.86000001 0.86000001 0.86000001 0.86000001 0.86000001 0.86000001
 0.86000001 0.86000001 0.83999997 0.83999997 0.83999997 0.83999997
 0.83999997 0.83999997 0.83999997 0.80000001 0.80000001 0.80000001
 0.80000001 0.80000001 0.81999999]
[0.83999997 0.86000001 0.86000001 0.86000001 0.86000001 0.86000001
 0.86000001 0.86000001 0.86000001 0.86000001 0.86000001 0.86000001
 0.86000001 0.86000001 0.86000001 0.86000001 0.86000001 0.86000001
 0.86000001 0.86000001 0.86000001 0.86000001 0.86000001 0.86000001
 0.86000001 0.86000001 0.86000001 0.86000001 0.86000001 0.86000001
 0.86000001 0.86000001 0.86000001 0.86000001 0.86000001 0.86000001
 0.86000001 0.86000001 0.86000001 0.86000001 0.86000001 0.86000001
 0.86000001 0.86000001 0.83999997 0.83999997 0.83999997 0.83999997
 0.83999997 0.83999997 0.83999997 0.80000001 0.80000001 0.80000001
 0.80000001 0.80000001 0.81999999 0.80000001]
[0.83999997 0.86000001 0.86000001 0.86000001 0.86000001 0.86000001
 0.86000001 0.86000001 0.86000001 0.86000001 0.86000001 0.86000001
 0.86000001 0.86000001 0.86000001 0.86000001 0.86000001 0.86000001
 0.86000001 0.86000001 0.86000001 0.86000001 0.86000001 0.86000001
 0.86000001 0.86000001 0.86000001 0.86000001 0.86000001 0.86000001
 0.86000001 0.86000001 0.86000001 0.86000001 0.86000001 0.86000001
 0.86000001 0.86000001 0.86000001 0.86000001 0.86000001 0.86000001
 0.86000001 0.86000001 0.83999997 0.83999997 0.83999997 0.83999997
 0.83999997 0.83999997 0.83999997 0.80000001 0.80000001 0.80000001
 0.80000001 0.80000001 0.81999999 0.80000001 0.83999997]
[0.83999997 0.86000001 0.86000001 0.86000001 0.86000001 0.86000001
 0.86000001 0.86000001 0.86000001 0.86000001 0.86000001 0.86000001
 0.86000001 0.86000001 0.86000001 0.86000001 0.86000001 0.86000001
 0.86000001 0.86000001 0.86000001 0.86000001 0.86000001 0.86000001
 0.86000001 0.86000001 0.86000001 0.86000001 0.86000001 0.86000001
 0.86000001 0.86000001 0.86000001 0.86000001 0.86000001 0.86000001
 0.86000001 0.86000001 0.86000001 0.86000001 0.86000001 0.86000001
 0.86000001 0.86000001 0.83999997 0.83999997 0.83999997 0.83999997
 0.83999997 0.83999997 0.83999997 0.80000001 0.80000001 0.80000001
 0.80000001 0.80000001 0.81999999 0.80000001 0.83999997 0.83999997]
[0.83999997 0.86000001 0.86000001 0.86000001 0.86000001 0.86000001
 0.86000001 0.86000001 0.86000001 0.86000001 0.86000001 0.86000001
 0.86000001 0.86000001 0.86000001 0.86000001 0.86000001 0.86000001
 0.86000001 0.86000001 0.86000001 0.86000001 0.86000001 0.86000001
 0.86000001 0.86000001 0.86000001 0.86000001 0.86000001 0.86000001
 0.86000001 0.86000001 0.86000001 0.86000001 0.86000001 0.86000001
 0.86000001 0.86000001 0.86000001 0.86000001 0.86000001 0.86000001
 0.86000001 0.86000001 0.83999997 0.83999997 0.83999997 0.83999997
 0.83999997 0.83999997 0.83999997 0.80000001 0.80000001 0.80000001
 0.80000001 0.80000001 0.81999999 0.80000001 0.83999997 0.83999997
 0.80000001]
[0.83999997 0.86000001 0.86000001 0.86000001 0.86000001 0.86000001
 0.86000001 0.86000001 0.86000001 0.86000001 0.86000001 0.86000001
 0.86000001 0.86000001 0.86000001 0.86000001 0.86000001 0.86000001
 0.86000001 0.86000001 0.86000001 0.86000001 0.86000001 0.86000001
 0.86000001 0.86000001 0.86000001 0.86000001 0.86000001 0.86000001
 0.86000001 0.86000001 0.86000001 0.86000001 0.86000001 0.86000001
 0.86000001 0.86000001 0.86000001 0.86000001 0.86000001 0.86000001
 0.86000001 0.86000001 0.83999997 0.83999997 0.83999997 0.83999997
 0.83999997 0.83999997 0.83999997 0.80000001 0.80000001 0.80000001
 0.80000001 0.80000001 0.81999999 0.80000001 0.83999997 0.83999997
 0.80000001 0.83999997]
[0.83999997 0.86000001 0.86000001 0.86000001 0.86000001 0.86000001
 0.86000001 0.86000001 0.86000001 0.86000001 0.86000001 0.86000001
 0.86000001 0.86000001 0.86000001 0.86000001 0.86000001 0.86000001
 0.86000001 0.86000001 0.86000001 0.86000001 0.86000001 0.86000001
 0.86000001 0.86000001 0.86000001 0.86000001 0.86000001 0.86000001
 0.86000001 0.86000001 0.86000001 0.86000001 0.86000001 0.86000001
 0.86000001 0.86000001 0.86000001 0.86000001 0.86000001 0.86000001
 0.86000001 0.86000001 0.83999997 0.83999997 0.83999997 0.83999997
 0.83999997 0.83999997 0.83999997 0.80000001 0.80000001 0.80000001
 0.80000001 0.80000001 0.81999999 0.80000001 0.83999997 0.83999997
 0.80000001 0.83999997 0.77999997]
[0.83999997 0.86000001 0.86000001 0.86000001 0.86000001 0.86000001
 0.86000001 0.86000001 0.86000001 0.86000001 0.86000001 0.86000001
 0.86000001 0.86000001 0.86000001 0.86000001 0.86000001 0.86000001
 0.86000001 0.86000001 0.86000001 0.86000001 0.86000001 0.86000001
 0.86000001 0.86000001 0.86000001 0.86000001 0.86000001 0.86000001
 0.86000001 0.86000001 0.86000001 0.86000001 0.86000001 0.86000001
 0.86000001 0.86000001 0.86000001 0.86000001 0.86000001 0.86000001
 0.86000001 0.86000001 0.83999997 0.83999997 0.83999997 0.83999997
 0.83999997 0.83999997 0.83999997 0.80000001 0.80000001 0.80000001
 0.80000001 0.80000001 0.81999999 0.80000001 0.83999997 0.83999997
 0.80000001 0.83999997 0.77999997 0.77999997]
[0.83999997 0.86000001 0.86000001 0.86000001 0.86000001 0.86000001
 0.86000001 0.86000001 0.86000001 0.86000001 0.86000001 0.86000001
 0.86000001 0.86000001 0.86000001 0.86000001 0.86000001 0.86000001
 0.86000001 0.86000001 0.86000001 0.86000001 0.86000001 0.86000001
 0.86000001 0.86000001 0.86000001 0.86000001 0.86000001 0.86000001
 0.86000001 0.86000001 0.86000001 0.86000001 0.86000001 0.86000001
 0.86000001 0.86000001 0.86000001 0.86000001 0.86000001 0.86000001
 0.86000001 0.86000001 0.83999997 0.83999997 0.83999997 0.83999997
 0.83999997 0.83999997 0.83999997 0.80000001 0.80000001 0.80000001
 0.80000001 0.80000001 0.81999999 0.80000001 0.83999997 0.83999997
 0.80000001 0.83999997 0.77999997 0.77999997 0.77999997]
[0.83999997 0.86000001 0.86000001 0.86000001 0.86000001 0.86000001
 0.86000001 0.86000001 0.86000001 0.86000001 0.86000001 0.86000001
 0.86000001 0.86000001 0.86000001 0.86000001 0.86000001 0.86000001
 0.86000001 0.86000001 0.86000001 0.86000001 0.86000001 0.86000001
 0.86000001 0.86000001 0.86000001 0.86000001 0.86000001 0.86000001
 0.86000001 0.86000001 0.86000001 0.86000001 0.86000001 0.86000001
 0.86000001 0.86000001 0.86000001 0.86000001 0.86000001 0.86000001
 0.86000001 0.86000001 0.83999997 0.83999997 0.83999997 0.83999997
 0.83999997 0.83999997 0.83999997 0.80000001 0.80000001 0.80000001
 0.80000001 0.80000001 0.81999999 0.80000001 0.83999997 0.83999997
 0.80000001 0.83999997 0.77999997 0.77999997 0.77999997 0.77999997]
[0.83999997 0.86000001 0.86000001 0.86000001 0.86000001 0.86000001
 0.86000001 0.86000001 0.86000001 0.86000001 0.86000001 0.86000001
 0.86000001 0.86000001 0.86000001 0.86000001 0.86000001 0.86000001
 0.86000001 0.86000001 0.86000001 0.86000001 0.86000001 0.86000001
 0.86000001 0.86000001 0.86000001 0.86000001 0.86000001 0.86000001
 0.86000001 0.86000001 0.86000001 0.86000001 0.86000001 0.86000001
 0.86000001 0.86000001 0.86000001 0.86000001 0.86000001 0.86000001
 0.86000001 0.86000001 0.83999997 0.83999997 0.83999997 0.83999997
 0.83999997 0.83999997 0.83999997 0.80000001 0.80000001 0.80000001
 0.80000001 0.80000001 0.81999999 0.80000001 0.83999997 0.83999997
 0.80000001 0.83999997 0.77999997 0.77999997 0.77999997 0.77999997
 0.77999997]
[0.83999997 0.86000001 0.86000001 0.86000001 0.86000001 0.86000001
 0.86000001 0.86000001 0.86000001 0.86000001 0.86000001 0.86000001
 0.86000001 0.86000001 0.86000001 0.86000001 0.86000001 0.86000001
 0.86000001 0.86000001 0.86000001 0.86000001 0.86000001 0.86000001
 0.86000001 0.86000001 0.86000001 0.86000001 0.86000001 0.86000001
 0.86000001 0.86000001 0.86000001 0.86000001 0.86000001 0.86000001
 0.86000001 0.86000001 0.86000001 0.86000001 0.86000001 0.86000001
 0.86000001 0.86000001 0.83999997 0.83999997 0.83999997 0.83999997
 0.83999997 0.83999997 0.83999997 0.80000001 0.80000001 0.80000001
 0.80000001 0.80000001 0.81999999 0.80000001 0.83999997 0.83999997
 0.80000001 0.83999997 0.77999997 0.77999997 0.77999997 0.77999997
 0.77999997 0.77999997]
[0.83999997 0.86000001 0.86000001 0.86000001 0.86000001 0.86000001
 0.86000001 0.86000001 0.86000001 0.86000001 0.86000001 0.86000001
 0.86000001 0.86000001 0.86000001 0.86000001 0.86000001 0.86000001
 0.86000001 0.86000001 0.86000001 0.86000001 0.86000001 0.86000001
 0.86000001 0.86000001 0.86000001 0.86000001 0.86000001 0.86000001
 0.86000001 0.86000001 0.86000001 0.86000001 0.86000001 0.86000001
 0.86000001 0.86000001 0.86000001 0.86000001 0.86000001 0.86000001
 0.86000001 0.86000001 0.83999997 0.83999997 0.83999997 0.83999997
 0.83999997 0.83999997 0.83999997 0.80000001 0.80000001 0.80000001
 0.80000001 0.80000001 0.81999999 0.80000001 0.83999997 0.83999997
 0.80000001 0.83999997 0.77999997 0.77999997 0.77999997 0.77999997
 0.77999997 0.77999997 0.77999997]
[0.83999997 0.86000001 0.86000001 0.86000001 0.86000001 0.86000001
 0.86000001 0.86000001 0.86000001 0.86000001 0.86000001 0.86000001
 0.86000001 0.86000001 0.86000001 0.86000001 0.86000001 0.86000001
 0.86000001 0.86000001 0.86000001 0.86000001 0.86000001 0.86000001
 0.86000001 0.86000001 0.86000001 0.86000001 0.86000001 0.86000001
 0.86000001 0.86000001 0.86000001 0.86000001 0.86000001 0.86000001
 0.86000001 0.86000001 0.86000001 0.86000001 0.86000001 0.86000001
 0.86000001 0.86000001 0.83999997 0.83999997 0.83999997 0.83999997
 0.83999997 0.83999997 0.83999997 0.80000001 0.80000001 0.80000001
 0.80000001 0.80000001 0.81999999 0.80000001 0.83999997 0.83999997
 0.80000001 0.83999997 0.77999997 0.77999997 0.77999997 0.77999997
 0.77999997 0.77999997 0.77999997 0.77999997]
[0.83999997 0.86000001 0.86000001 0.86000001 0.86000001 0.86000001
 0.86000001 0.86000001 0.86000001 0.86000001 0.86000001 0.86000001
 0.86000001 0.86000001 0.86000001 0.86000001 0.86000001 0.86000001
 0.86000001 0.86000001 0.86000001 0.86000001 0.86000001 0.86000001
 0.86000001 0.86000001 0.86000001 0.86000001 0.86000001 0.86000001
 0.86000001 0.86000001 0.86000001 0.86000001 0.86000001 0.86000001
 0.86000001 0.86000001 0.86000001 0.86000001 0.86000001 0.86000001
 0.86000001 0.86000001 0.83999997 0.83999997 0.83999997 0.83999997
 0.83999997 0.83999997 0.83999997 0.80000001 0.80000001 0.80000001
 0.80000001 0.80000001 0.81999999 0.80000001 0.83999997 0.83999997
 0.80000001 0.83999997 0.77999997 0.77999997 0.77999997 0.77999997
 0.77999997 0.77999997 0.77999997 0.77999997 0.77999997]
[0.83999997 0.86000001 0.86000001 0.86000001 0.86000001 0.86000001
 0.86000001 0.86000001 0.86000001 0.86000001 0.86000001 0.86000001
 0.86000001 0.86000001 0.86000001 0.86000001 0.86000001 0.86000001
 0.86000001 0.86000001 0.86000001 0.86000001 0.86000001 0.86000001
 0.86000001 0.86000001 0.86000001 0.86000001 0.86000001 0.86000001
 0.86000001 0.86000001 0.86000001 0.86000001 0.86000001 0.86000001
 0.86000001 0.86000001 0.86000001 0.86000001 0.86000001 0.86000001
 0.86000001 0.86000001 0.83999997 0.83999997 0.83999997 0.83999997
 0.83999997 0.83999997 0.83999997 0.80000001 0.80000001 0.80000001
 0.80000001 0.80000001 0.81999999 0.80000001 0.83999997 0.83999997
 0.80000001 0.83999997 0.77999997 0.77999997 0.77999997 0.77999997
 0.77999997 0.77999997 0.77999997 0.77999997 0.77999997 0.80000001]
[0.83999997 0.86000001 0.86000001 0.86000001 0.86000001 0.86000001
 0.86000001 0.86000001 0.86000001 0.86000001 0.86000001 0.86000001
 0.86000001 0.86000001 0.86000001 0.86000001 0.86000001 0.86000001
 0.86000001 0.86000001 0.86000001 0.86000001 0.86000001 0.86000001
 0.86000001 0.86000001 0.86000001 0.86000001 0.86000001 0.86000001
 0.86000001 0.86000001 0.86000001 0.86000001 0.86000001 0.86000001
 0.86000001 0.86000001 0.86000001 0.86000001 0.86000001 0.86000001
 0.86000001 0.86000001 0.83999997 0.83999997 0.83999997 0.83999997
 0.83999997 0.83999997 0.83999997 0.80000001 0.80000001 0.80000001
 0.80000001 0.80000001 0.81999999 0.80000001 0.83999997 0.83999997
 0.80000001 0.83999997 0.77999997 0.77999997 0.77999997 0.77999997
 0.77999997 0.77999997 0.77999997 0.77999997 0.77999997 0.80000001
 0.77999997]
[0.83999997 0.86000001 0.86000001 0.86000001 0.86000001 0.86000001
 0.86000001 0.86000001 0.86000001 0.86000001 0.86000001 0.86000001
 0.86000001 0.86000001 0.86000001 0.86000001 0.86000001 0.86000001
 0.86000001 0.86000001 0.86000001 0.86000001 0.86000001 0.86000001
 0.86000001 0.86000001 0.86000001 0.86000001 0.86000001 0.86000001
 0.86000001 0.86000001 0.86000001 0.86000001 0.86000001 0.86000001
 0.86000001 0.86000001 0.86000001 0.86000001 0.86000001 0.86000001
 0.86000001 0.86000001 0.83999997 0.83999997 0.83999997 0.83999997
 0.83999997 0.83999997 0.83999997 0.80000001 0.80000001 0.80000001
 0.80000001 0.80000001 0.81999999 0.80000001 0.83999997 0.83999997
 0.80000001 0.83999997 0.77999997 0.77999997 0.77999997 0.77999997
 0.77999997 0.77999997 0.77999997 0.77999997 0.77999997 0.80000001
 0.77999997 0.77999997]
[0.83999997 0.86000001 0.86000001 0.86000001 0.86000001 0.86000001
 0.86000001 0.86000001 0.86000001 0.86000001 0.86000001 0.86000001
 0.86000001 0.86000001 0.86000001 0.86000001 0.86000001 0.86000001
 0.86000001 0.86000001 0.86000001 0.86000001 0.86000001 0.86000001
 0.86000001 0.86000001 0.86000001 0.86000001 0.86000001 0.86000001
 0.86000001 0.86000001 0.86000001 0.86000001 0.86000001 0.86000001
 0.86000001 0.86000001 0.86000001 0.86000001 0.86000001 0.86000001
 0.86000001 0.86000001 0.83999997 0.83999997 0.83999997 0.83999997
 0.83999997 0.83999997 0.83999997 0.80000001 0.80000001 0.80000001
 0.80000001 0.80000001 0.81999999 0.80000001 0.83999997 0.83999997
 0.80000001 0.83999997 0.77999997 0.77999997 0.77999997 0.77999997
 0.77999997 0.77999997 0.77999997 0.77999997 0.77999997 0.80000001
 0.77999997 0.77999997 0.77999997]
[0.83999997 0.86000001 0.86000001 0.86000001 0.86000001 0.86000001
 0.86000001 0.86000001 0.86000001 0.86000001 0.86000001 0.86000001
 0.86000001 0.86000001 0.86000001 0.86000001 0.86000001 0.86000001
 0.86000001 0.86000001 0.86000001 0.86000001 0.86000001 0.86000001
 0.86000001 0.86000001 0.86000001 0.86000001 0.86000001 0.86000001
 0.86000001 0.86000001 0.86000001 0.86000001 0.86000001 0.86000001
 0.86000001 0.86000001 0.86000001 0.86000001 0.86000001 0.86000001
 0.86000001 0.86000001 0.83999997 0.83999997 0.83999997 0.83999997
 0.83999997 0.83999997 0.83999997 0.80000001 0.80000001 0.80000001
 0.80000001 0.80000001 0.81999999 0.80000001 0.83999997 0.83999997
 0.80000001 0.83999997 0.77999997 0.77999997 0.77999997 0.77999997
 0.77999997 0.77999997 0.77999997 0.77999997 0.77999997 0.80000001
 0.77999997 0.77999997 0.77999997 0.80000001]
[0.83999997 0.86000001 0.86000001 0.86000001 0.86000001 0.86000001
 0.86000001 0.86000001 0.86000001 0.86000001 0.86000001 0.86000001
 0.86000001 0.86000001 0.86000001 0.86000001 0.86000001 0.86000001
 0.86000001 0.86000001 0.86000001 0.86000001 0.86000001 0.86000001
 0.86000001 0.86000001 0.86000001 0.86000001 0.86000001 0.86000001
 0.86000001 0.86000001 0.86000001 0.86000001 0.86000001 0.86000001
 0.86000001 0.86000001 0.86000001 0.86000001 0.86000001 0.86000001
 0.86000001 0.86000001 0.83999997 0.83999997 0.83999997 0.83999997
 0.83999997 0.83999997 0.83999997 0.80000001 0.80000001 0.80000001
 0.80000001 0.80000001 0.81999999 0.80000001 0.83999997 0.83999997
 0.80000001 0.83999997 0.77999997 0.77999997 0.77999997 0.77999997
 0.77999997 0.77999997 0.77999997 0.77999997 0.77999997 0.80000001
 0.77999997 0.77999997 0.77999997 0.80000001 0.77999997]
[0.83999997 0.86000001 0.86000001 0.86000001 0.86000001 0.86000001
 0.86000001 0.86000001 0.86000001 0.86000001 0.86000001 0.86000001
 0.86000001 0.86000001 0.86000001 0.86000001 0.86000001 0.86000001
 0.86000001 0.86000001 0.86000001 0.86000001 0.86000001 0.86000001
 0.86000001 0.86000001 0.86000001 0.86000001 0.86000001 0.86000001
 0.86000001 0.86000001 0.86000001 0.86000001 0.86000001 0.86000001
 0.86000001 0.86000001 0.86000001 0.86000001 0.86000001 0.86000001
 0.86000001 0.86000001 0.83999997 0.83999997 0.83999997 0.83999997
 0.83999997 0.83999997 0.83999997 0.80000001 0.80000001 0.80000001
 0.80000001 0.80000001 0.81999999 0.80000001 0.83999997 0.83999997
 0.80000001 0.83999997 0.77999997 0.77999997 0.77999997 0.77999997
 0.77999997 0.77999997 0.77999997 0.77999997 0.77999997 0.80000001
 0.77999997 0.77999997 0.77999997 0.80000001 0.77999997 0.86000001]
[0.83999997 0.86000001 0.86000001 0.86000001 0.86000001 0.86000001
 0.86000001 0.86000001 0.86000001 0.86000001 0.86000001 0.86000001
 0.86000001 0.86000001 0.86000001 0.86000001 0.86000001 0.86000001
 0.86000001 0.86000001 0.86000001 0.86000001 0.86000001 0.86000001
 0.86000001 0.86000001 0.86000001 0.86000001 0.86000001 0.86000001
 0.86000001 0.86000001 0.86000001 0.86000001 0.86000001 0.86000001
 0.86000001 0.86000001 0.86000001 0.86000001 0.86000001 0.86000001
 0.86000001 0.86000001 0.83999997 0.83999997 0.83999997 0.83999997
 0.83999997 0.83999997 0.83999997 0.80000001 0.80000001 0.80000001
 0.80000001 0.80000001 0.81999999 0.80000001 0.83999997 0.83999997
 0.80000001 0.83999997 0.77999997 0.77999997 0.77999997 0.77999997
 0.77999997 0.77999997 0.77999997 0.77999997 0.77999997 0.80000001
 0.77999997 0.77999997 0.77999997 0.80000001 0.77999997 0.86000001
 0.77999997]
[0.83999997 0.86000001 0.86000001 0.86000001 0.86000001 0.86000001
 0.86000001 0.86000001 0.86000001 0.86000001 0.86000001 0.86000001
 0.86000001 0.86000001 0.86000001 0.86000001 0.86000001 0.86000001
 0.86000001 0.86000001 0.86000001 0.86000001 0.86000001 0.86000001
 0.86000001 0.86000001 0.86000001 0.86000001 0.86000001 0.86000001
 0.86000001 0.86000001 0.86000001 0.86000001 0.86000001 0.86000001
 0.86000001 0.86000001 0.86000001 0.86000001 0.86000001 0.86000001
 0.86000001 0.86000001 0.83999997 0.83999997 0.83999997 0.83999997
 0.83999997 0.83999997 0.83999997 0.80000001 0.80000001 0.80000001
 0.80000001 0.80000001 0.81999999 0.80000001 0.83999997 0.83999997
 0.80000001 0.83999997 0.77999997 0.77999997 0.77999997 0.77999997
 0.77999997 0.77999997 0.77999997 0.77999997 0.77999997 0.80000001
 0.77999997 0.77999997 0.77999997 0.80000001 0.77999997 0.86000001
 0.77999997 0.77999997]
[0.83999997 0.86000001 0.86000001 0.86000001 0.86000001 0.86000001
 0.86000001 0.86000001 0.86000001 0.86000001 0.86000001 0.86000001
 0.86000001 0.86000001 0.86000001 0.86000001 0.86000001 0.86000001
 0.86000001 0.86000001 0.86000001 0.86000001 0.86000001 0.86000001
 0.86000001 0.86000001 0.86000001 0.86000001 0.86000001 0.86000001
 0.86000001 0.86000001 0.86000001 0.86000001 0.86000001 0.86000001
 0.86000001 0.86000001 0.86000001 0.86000001 0.86000001 0.86000001
 0.86000001 0.86000001 0.83999997 0.83999997 0.83999997 0.83999997
 0.83999997 0.83999997 0.83999997 0.80000001 0.80000001 0.80000001
 0.80000001 0.80000001 0.81999999 0.80000001 0.83999997 0.83999997
 0.80000001 0.83999997 0.77999997 0.77999997 0.77999997 0.77999997
 0.77999997 0.77999997 0.77999997 0.77999997 0.77999997 0.80000001
 0.77999997 0.77999997 0.77999997 0.80000001 0.77999997 0.86000001
 0.77999997 0.77999997 0.80000001]
[0.83999997 0.86000001 0.86000001 0.86000001 0.86000001 0.86000001
 0.86000001 0.86000001 0.86000001 0.86000001 0.86000001 0.86000001
 0.86000001 0.86000001 0.86000001 0.86000001 0.86000001 0.86000001
 0.86000001 0.86000001 0.86000001 0.86000001 0.86000001 0.86000001
 0.86000001 0.86000001 0.86000001 0.86000001 0.86000001 0.86000001
 0.86000001 0.86000001 0.86000001 0.86000001 0.86000001 0.86000001
 0.86000001 0.86000001 0.86000001 0.86000001 0.86000001 0.86000001
 0.86000001 0.86000001 0.83999997 0.83999997 0.83999997 0.83999997
 0.83999997 0.83999997 0.83999997 0.80000001 0.80000001 0.80000001
 0.80000001 0.80000001 0.81999999 0.80000001 0.83999997 0.83999997
 0.80000001 0.83999997 0.77999997 0.77999997 0.77999997 0.77999997
 0.77999997 0.77999997 0.77999997 0.77999997 0.77999997 0.80000001
 0.77999997 0.77999997 0.77999997 0.80000001 0.77999997 0.86000001
 0.77999997 0.77999997 0.80000001 0.80000001]
[0.83999997 0.86000001 0.86000001 0.86000001 0.86000001 0.86000001
 0.86000001 0.86000001 0.86000001 0.86000001 0.86000001 0.86000001
 0.86000001 0.86000001 0.86000001 0.86000001 0.86000001 0.86000001
 0.86000001 0.86000001 0.86000001 0.86000001 0.86000001 0.86000001
 0.86000001 0.86000001 0.86000001 0.86000001 0.86000001 0.86000001
 0.86000001 0.86000001 0.86000001 0.86000001 0.86000001 0.86000001
 0.86000001 0.86000001 0.86000001 0.86000001 0.86000001 0.86000001
 0.86000001 0.86000001 0.83999997 0.83999997 0.83999997 0.83999997
 0.83999997 0.83999997 0.83999997 0.80000001 0.80000001 0.80000001
 0.80000001 0.80000001 0.81999999 0.80000001 0.83999997 0.83999997
 0.80000001 0.83999997 0.77999997 0.77999997 0.77999997 0.77999997
 0.77999997 0.77999997 0.77999997 0.77999997 0.77999997 0.80000001
 0.77999997 0.77999997 0.77999997 0.80000001 0.77999997 0.86000001
 0.77999997 0.77999997 0.80000001 0.80000001 0.86000001]
[0.83999997 0.86000001 0.86000001 0.86000001 0.86000001 0.86000001
 0.86000001 0.86000001 0.86000001 0.86000001 0.86000001 0.86000001
 0.86000001 0.86000001 0.86000001 0.86000001 0.86000001 0.86000001
 0.86000001 0.86000001 0.86000001 0.86000001 0.86000001 0.86000001
 0.86000001 0.86000001 0.86000001 0.86000001 0.86000001 0.86000001
 0.86000001 0.86000001 0.86000001 0.86000001 0.86000001 0.86000001
 0.86000001 0.86000001 0.86000001 0.86000001 0.86000001 0.86000001
 0.86000001 0.86000001 0.83999997 0.83999997 0.83999997 0.83999997
 0.83999997 0.83999997 0.83999997 0.80000001 0.80000001 0.80000001
 0.80000001 0.80000001 0.81999999 0.80000001 0.83999997 0.83999997
 0.80000001 0.83999997 0.77999997 0.77999997 0.77999997 0.77999997
 0.77999997 0.77999997 0.77999997 0.77999997 0.77999997 0.80000001
 0.77999997 0.77999997 0.77999997 0.80000001 0.77999997 0.86000001
 0.77999997 0.77999997 0.80000001 0.80000001 0.86000001 0.77999997]
[0.83999997 0.86000001 0.86000001 0.86000001 0.86000001 0.86000001
 0.86000001 0.86000001 0.86000001 0.86000001 0.86000001 0.86000001
 0.86000001 0.86000001 0.86000001 0.86000001 0.86000001 0.86000001
 0.86000001 0.86000001 0.86000001 0.86000001 0.86000001 0.86000001
 0.86000001 0.86000001 0.86000001 0.86000001 0.86000001 0.86000001
 0.86000001 0.86000001 0.86000001 0.86000001 0.86000001 0.86000001
 0.86000001 0.86000001 0.86000001 0.86000001 0.86000001 0.86000001
 0.86000001 0.86000001 0.83999997 0.83999997 0.83999997 0.83999997
 0.83999997 0.83999997 0.83999997 0.80000001 0.80000001 0.80000001
 0.80000001 0.80000001 0.81999999 0.80000001 0.83999997 0.83999997
 0.80000001 0.83999997 0.77999997 0.77999997 0.77999997 0.77999997
 0.77999997 0.77999997 0.77999997 0.77999997 0.77999997 0.80000001
 0.77999997 0.77999997 0.77999997 0.80000001 0.77999997 0.86000001
 0.77999997 0.77999997 0.80000001 0.80000001 0.86000001 0.77999997
 0.77999997]
[0.83999997 0.86000001 0.86000001 0.86000001 0.86000001 0.86000001
 0.86000001 0.86000001 0.86000001 0.86000001 0.86000001 0.86000001
 0.86000001 0.86000001 0.86000001 0.86000001 0.86000001 0.86000001
 0.86000001 0.86000001 0.86000001 0.86000001 0.86000001 0.86000001
 0.86000001 0.86000001 0.86000001 0.86000001 0.86000001 0.86000001
 0.86000001 0.86000001 0.86000001 0.86000001 0.86000001 0.86000001
 0.86000001 0.86000001 0.86000001 0.86000001 0.86000001 0.86000001
 0.86000001 0.86000001 0.83999997 0.83999997 0.83999997 0.83999997
 0.83999997 0.83999997 0.83999997 0.80000001 0.80000001 0.80000001
 0.80000001 0.80000001 0.81999999 0.80000001 0.83999997 0.83999997
 0.80000001 0.83999997 0.77999997 0.77999997 0.77999997 0.77999997
 0.77999997 0.77999997 0.77999997 0.77999997 0.77999997 0.80000001
 0.77999997 0.77999997 0.77999997 0.80000001 0.77999997 0.86000001
 0.77999997 0.77999997 0.80000001 0.80000001 0.86000001 0.77999997
 0.77999997 0.77999997]
[0.83999997 0.86000001 0.86000001 0.86000001 0.86000001 0.86000001
 0.86000001 0.86000001 0.86000001 0.86000001 0.86000001 0.86000001
 0.86000001 0.86000001 0.86000001 0.86000001 0.86000001 0.86000001
 0.86000001 0.86000001 0.86000001 0.86000001 0.86000001 0.86000001
 0.86000001 0.86000001 0.86000001 0.86000001 0.86000001 0.86000001
 0.86000001 0.86000001 0.86000001 0.86000001 0.86000001 0.86000001
 0.86000001 0.86000001 0.86000001 0.86000001 0.86000001 0.86000001
 0.86000001 0.86000001 0.83999997 0.83999997 0.83999997 0.83999997
 0.83999997 0.83999997 0.83999997 0.80000001 0.80000001 0.80000001
 0.80000001 0.80000001 0.81999999 0.80000001 0.83999997 0.83999997
 0.80000001 0.83999997 0.77999997 0.77999997 0.77999997 0.77999997
 0.77999997 0.77999997 0.77999997 0.77999997 0.77999997 0.80000001
 0.77999997 0.77999997 0.77999997 0.80000001 0.77999997 0.86000001
 0.77999997 0.77999997 0.80000001 0.80000001 0.86000001 0.77999997
 0.77999997 0.77999997 0.83999997]
[0.83999997 0.86000001 0.86000001 0.86000001 0.86000001 0.86000001
 0.86000001 0.86000001 0.86000001 0.86000001 0.86000001 0.86000001
 0.86000001 0.86000001 0.86000001 0.86000001 0.86000001 0.86000001
 0.86000001 0.86000001 0.86000001 0.86000001 0.86000001 0.86000001
 0.86000001 0.86000001 0.86000001 0.86000001 0.86000001 0.86000001
 0.86000001 0.86000001 0.86000001 0.86000001 0.86000001 0.86000001
 0.86000001 0.86000001 0.86000001 0.86000001 0.86000001 0.86000001
 0.86000001 0.86000001 0.83999997 0.83999997 0.83999997 0.83999997
 0.83999997 0.83999997 0.83999997 0.80000001 0.80000001 0.80000001
 0.80000001 0.80000001 0.81999999 0.80000001 0.83999997 0.83999997
 0.80000001 0.83999997 0.77999997 0.77999997 0.77999997 0.77999997
 0.77999997 0.77999997 0.77999997 0.77999997 0.77999997 0.80000001
 0.77999997 0.77999997 0.77999997 0.80000001 0.77999997 0.86000001
 0.77999997 0.77999997 0.80000001 0.80000001 0.86000001 0.77999997
 0.77999997 0.77999997 0.83999997 0.77999997]
[0.83999997 0.86000001 0.86000001 0.86000001 0.86000001 0.86000001
 0.86000001 0.86000001 0.86000001 0.86000001 0.86000001 0.86000001
 0.86000001 0.86000001 0.86000001 0.86000001 0.86000001 0.86000001
 0.86000001 0.86000001 0.86000001 0.86000001 0.86000001 0.86000001
 0.86000001 0.86000001 0.86000001 0.86000001 0.86000001 0.86000001
 0.86000001 0.86000001 0.86000001 0.86000001 0.86000001 0.86000001
 0.86000001 0.86000001 0.86000001 0.86000001 0.86000001 0.86000001
 0.86000001 0.86000001 0.83999997 0.83999997 0.83999997 0.83999997
 0.83999997 0.83999997 0.83999997 0.80000001 0.80000001 0.80000001
 0.80000001 0.80000001 0.81999999 0.80000001 0.83999997 0.83999997
 0.80000001 0.83999997 0.77999997 0.77999997 0.77999997 0.77999997
 0.77999997 0.77999997 0.77999997 0.77999997 0.77999997 0.80000001
 0.77999997 0.77999997 0.77999997 0.80000001 0.77999997 0.86000001
 0.77999997 0.77999997 0.80000001 0.80000001 0.86000001 0.77999997
 0.77999997 0.77999997 0.83999997 0.77999997 0.77999997]
[0.83999997 0.86000001 0.86000001 0.86000001 0.86000001 0.86000001
 0.86000001 0.86000001 0.86000001 0.86000001 0.86000001 0.86000001
 0.86000001 0.86000001 0.86000001 0.86000001 0.86000001 0.86000001
 0.86000001 0.86000001 0.86000001 0.86000001 0.86000001 0.86000001
 0.86000001 0.86000001 0.86000001 0.86000001 0.86000001 0.86000001
 0.86000001 0.86000001 0.86000001 0.86000001 0.86000001 0.86000001
 0.86000001 0.86000001 0.86000001 0.86000001 0.86000001 0.86000001
 0.86000001 0.86000001 0.83999997 0.83999997 0.83999997 0.83999997
 0.83999997 0.83999997 0.83999997 0.80000001 0.80000001 0.80000001
 0.80000001 0.80000001 0.81999999 0.80000001 0.83999997 0.83999997
 0.80000001 0.83999997 0.77999997 0.77999997 0.77999997 0.77999997
 0.77999997 0.77999997 0.77999997 0.77999997 0.77999997 0.80000001
 0.77999997 0.77999997 0.77999997 0.80000001 0.77999997 0.86000001
 0.77999997 0.77999997 0.80000001 0.80000001 0.86000001 0.77999997
 0.77999997 0.77999997 0.83999997 0.77999997 0.77999997 0.77999997]
[0.83999997 0.86000001 0.86000001 0.86000001 0.86000001 0.86000001
 0.86000001 0.86000001 0.86000001 0.86000001 0.86000001 0.86000001
 0.86000001 0.86000001 0.86000001 0.86000001 0.86000001 0.86000001
 0.86000001 0.86000001 0.86000001 0.86000001 0.86000001 0.86000001
 0.86000001 0.86000001 0.86000001 0.86000001 0.86000001 0.86000001
 0.86000001 0.86000001 0.86000001 0.86000001 0.86000001 0.86000001
 0.86000001 0.86000001 0.86000001 0.86000001 0.86000001 0.86000001
 0.86000001 0.86000001 0.83999997 0.83999997 0.83999997 0.83999997
 0.83999997 0.83999997 0.83999997 0.80000001 0.80000001 0.80000001
 0.80000001 0.80000001 0.81999999 0.80000001 0.83999997 0.83999997
 0.80000001 0.83999997 0.77999997 0.77999997 0.77999997 0.77999997
 0.77999997 0.77999997 0.77999997 0.77999997 0.77999997 0.80000001
 0.77999997 0.77999997 0.77999997 0.80000001 0.77999997 0.86000001
 0.77999997 0.77999997 0.80000001 0.80000001 0.86000001 0.77999997
 0.77999997 0.77999997 0.83999997 0.77999997 0.77999997 0.77999997
 0.86000001]
[0.83999997 0.86000001 0.86000001 0.86000001 0.86000001 0.86000001
 0.86000001 0.86000001 0.86000001 0.86000001 0.86000001 0.86000001
 0.86000001 0.86000001 0.86000001 0.86000001 0.86000001 0.86000001
 0.86000001 0.86000001 0.86000001 0.86000001 0.86000001 0.86000001
 0.86000001 0.86000001 0.86000001 0.86000001 0.86000001 0.86000001
 0.86000001 0.86000001 0.86000001 0.86000001 0.86000001 0.86000001
 0.86000001 0.86000001 0.86000001 0.86000001 0.86000001 0.86000001
 0.86000001 0.86000001 0.83999997 0.83999997 0.83999997 0.83999997
 0.83999997 0.83999997 0.83999997 0.80000001 0.80000001 0.80000001
 0.80000001 0.80000001 0.81999999 0.80000001 0.83999997 0.83999997
 0.80000001 0.83999997 0.77999997 0.77999997 0.77999997 0.77999997
 0.77999997 0.77999997 0.77999997 0.77999997 0.77999997 0.80000001
 0.77999997 0.77999997 0.77999997 0.80000001 0.77999997 0.86000001
 0.77999997 0.77999997 0.80000001 0.80000001 0.86000001 0.77999997
 0.77999997 0.77999997 0.83999997 0.77999997 0.77999997 0.77999997
 0.86000001 0.86000001]
[0.83999997 0.86000001 0.86000001 0.86000001 0.86000001 0.86000001
 0.86000001 0.86000001 0.86000001 0.86000001 0.86000001 0.86000001
 0.86000001 0.86000001 0.86000001 0.86000001 0.86000001 0.86000001
 0.86000001 0.86000001 0.86000001 0.86000001 0.86000001 0.86000001
 0.86000001 0.86000001 0.86000001 0.86000001 0.86000001 0.86000001
 0.86000001 0.86000001 0.86000001 0.86000001 0.86000001 0.86000001
 0.86000001 0.86000001 0.86000001 0.86000001 0.86000001 0.86000001
 0.86000001 0.86000001 0.83999997 0.83999997 0.83999997 0.83999997
 0.83999997 0.83999997 0.83999997 0.80000001 0.80000001 0.80000001
 0.80000001 0.80000001 0.81999999 0.80000001 0.83999997 0.83999997
 0.80000001 0.83999997 0.77999997 0.77999997 0.77999997 0.77999997
 0.77999997 0.77999997 0.77999997 0.77999997 0.77999997 0.80000001
 0.77999997 0.77999997 0.77999997 0.80000001 0.77999997 0.86000001
 0.77999997 0.77999997 0.80000001 0.80000001 0.86000001 0.77999997
 0.77999997 0.77999997 0.83999997 0.77999997 0.77999997 0.77999997
 0.86000001 0.86000001 0.86000001]
[0.83999997 0.86000001 0.86000001 0.86000001 0.86000001 0.86000001
 0.86000001 0.86000001 0.86000001 0.86000001 0.86000001 0.86000001
 0.86000001 0.86000001 0.86000001 0.86000001 0.86000001 0.86000001
 0.86000001 0.86000001 0.86000001 0.86000001 0.86000001 0.86000001
 0.86000001 0.86000001 0.86000001 0.86000001 0.86000001 0.86000001
 0.86000001 0.86000001 0.86000001 0.86000001 0.86000001 0.86000001
 0.86000001 0.86000001 0.86000001 0.86000001 0.86000001 0.86000001
 0.86000001 0.86000001 0.83999997 0.83999997 0.83999997 0.83999997
 0.83999997 0.83999997 0.83999997 0.80000001 0.80000001 0.80000001
 0.80000001 0.80000001 0.81999999 0.80000001 0.83999997 0.83999997
 0.80000001 0.83999997 0.77999997 0.77999997 0.77999997 0.77999997
 0.77999997 0.77999997 0.77999997 0.77999997 0.77999997 0.80000001
 0.77999997 0.77999997 0.77999997 0.80000001 0.77999997 0.86000001
 0.77999997 0.77999997 0.80000001 0.80000001 0.86000001 0.77999997
 0.77999997 0.77999997 0.83999997 0.77999997 0.77999997 0.77999997
 0.86000001 0.86000001 0.86000001 0.86000001]
[0.83999997 0.86000001 0.86000001 0.86000001 0.86000001 0.86000001
 0.86000001 0.86000001 0.86000001 0.86000001 0.86000001 0.86000001
 0.86000001 0.86000001 0.86000001 0.86000001 0.86000001 0.86000001
 0.86000001 0.86000001 0.86000001 0.86000001 0.86000001 0.86000001
 0.86000001 0.86000001 0.86000001 0.86000001 0.86000001 0.86000001
 0.86000001 0.86000001 0.86000001 0.86000001 0.86000001 0.86000001
 0.86000001 0.86000001 0.86000001 0.86000001 0.86000001 0.86000001
 0.86000001 0.86000001 0.83999997 0.83999997 0.83999997 0.83999997
 0.83999997 0.83999997 0.83999997 0.80000001 0.80000001 0.80000001
 0.80000001 0.80000001 0.81999999 0.80000001 0.83999997 0.83999997
 0.80000001 0.83999997 0.77999997 0.77999997 0.77999997 0.77999997
 0.77999997 0.77999997 0.77999997 0.77999997 0.77999997 0.80000001
 0.77999997 0.77999997 0.77999997 0.80000001 0.77999997 0.86000001
 0.77999997 0.77999997 0.80000001 0.80000001 0.86000001 0.77999997
 0.77999997 0.77999997 0.83999997 0.77999997 0.77999997 0.77999997
 0.86000001 0.86000001 0.86000001 0.86000001 0.88      ]
[0.83999997 0.86000001 0.86000001 0.86000001 0.86000001 0.86000001
 0.86000001 0.86000001 0.86000001 0.86000001 0.86000001 0.86000001
 0.86000001 0.86000001 0.86000001 0.86000001 0.86000001 0.86000001
 0.86000001 0.86000001 0.86000001 0.86000001 0.86000001 0.86000001
 0.86000001 0.86000001 0.86000001 0.86000001 0.86000001 0.86000001
 0.86000001 0.86000001 0.86000001 0.86000001 0.86000001 0.86000001
 0.86000001 0.86000001 0.86000001 0.86000001 0.86000001 0.86000001
 0.86000001 0.86000001 0.83999997 0.83999997 0.83999997 0.83999997
 0.83999997 0.83999997 0.83999997 0.80000001 0.80000001 0.80000001
 0.80000001 0.80000001 0.81999999 0.80000001 0.83999997 0.83999997
 0.80000001 0.83999997 0.77999997 0.77999997 0.77999997 0.77999997
 0.77999997 0.77999997 0.77999997 0.77999997 0.77999997 0.80000001
 0.77999997 0.77999997 0.77999997 0.80000001 0.77999997 0.86000001
 0.77999997 0.77999997 0.80000001 0.80000001 0.86000001 0.77999997
 0.77999997 0.77999997 0.83999997 0.77999997 0.77999997 0.77999997
 0.86000001 0.86000001 0.86000001 0.86000001 0.88       0.88      ]
[0.83999997 0.86000001 0.86000001 0.86000001 0.86000001 0.86000001
 0.86000001 0.86000001 0.86000001 0.86000001 0.86000001 0.86000001
 0.86000001 0.86000001 0.86000001 0.86000001 0.86000001 0.86000001
 0.86000001 0.86000001 0.86000001 0.86000001 0.86000001 0.86000001
 0.86000001 0.86000001 0.86000001 0.86000001 0.86000001 0.86000001
 0.86000001 0.86000001 0.86000001 0.86000001 0.86000001 0.86000001
 0.86000001 0.86000001 0.86000001 0.86000001 0.86000001 0.86000001
 0.86000001 0.86000001 0.83999997 0.83999997 0.83999997 0.83999997
 0.83999997 0.83999997 0.83999997 0.80000001 0.80000001 0.80000001
 0.80000001 0.80000001 0.81999999 0.80000001 0.83999997 0.83999997
 0.80000001 0.83999997 0.77999997 0.77999997 0.77999997 0.77999997
 0.77999997 0.77999997 0.77999997 0.77999997 0.77999997 0.80000001
 0.77999997 0.77999997 0.77999997 0.80000001 0.77999997 0.86000001
 0.77999997 0.77999997 0.80000001 0.80000001 0.86000001 0.77999997
 0.77999997 0.77999997 0.83999997 0.77999997 0.77999997 0.77999997
 0.86000001 0.86000001 0.86000001 0.86000001 0.88       0.88
 0.88      ]
[0.83999997 0.86000001 0.86000001 0.86000001 0.86000001 0.86000001
 0.86000001 0.86000001 0.86000001 0.86000001 0.86000001 0.86000001
 0.86000001 0.86000001 0.86000001 0.86000001 0.86000001 0.86000001
 0.86000001 0.86000001 0.86000001 0.86000001 0.86000001 0.86000001
 0.86000001 0.86000001 0.86000001 0.86000001 0.86000001 0.86000001
 0.86000001 0.86000001 0.86000001 0.86000001 0.86000001 0.86000001
 0.86000001 0.86000001 0.86000001 0.86000001 0.86000001 0.86000001
 0.86000001 0.86000001 0.83999997 0.83999997 0.83999997 0.83999997
 0.83999997 0.83999997 0.83999997 0.80000001 0.80000001 0.80000001
 0.80000001 0.80000001 0.81999999 0.80000001 0.83999997 0.83999997
 0.80000001 0.83999997 0.77999997 0.77999997 0.77999997 0.77999997
 0.77999997 0.77999997 0.77999997 0.77999997 0.77999997 0.80000001
 0.77999997 0.77999997 0.77999997 0.80000001 0.77999997 0.86000001
 0.77999997 0.77999997 0.80000001 0.80000001 0.86000001 0.77999997
 0.77999997 0.77999997 0.83999997 0.77999997 0.77999997 0.77999997
 0.86000001 0.86000001 0.86000001 0.86000001 0.88       0.88
 0.88       0.86000001]
[0.83999997 0.86000001 0.86000001 0.86000001 0.86000001 0.86000001
 0.86000001 0.86000001 0.86000001 0.86000001 0.86000001 0.86000001
 0.86000001 0.86000001 0.86000001 0.86000001 0.86000001 0.86000001
 0.86000001 0.86000001 0.86000001 0.86000001 0.86000001 0.86000001
 0.86000001 0.86000001 0.86000001 0.86000001 0.86000001 0.86000001
 0.86000001 0.86000001 0.86000001 0.86000001 0.86000001 0.86000001
 0.86000001 0.86000001 0.86000001 0.86000001 0.86000001 0.86000001
 0.86000001 0.86000001 0.83999997 0.83999997 0.83999997 0.83999997
 0.83999997 0.83999997 0.83999997 0.80000001 0.80000001 0.80000001
 0.80000001 0.80000001 0.81999999 0.80000001 0.83999997 0.83999997
 0.80000001 0.83999997 0.77999997 0.77999997 0.77999997 0.77999997
 0.77999997 0.77999997 0.77999997 0.77999997 0.77999997 0.80000001
 0.77999997 0.77999997 0.77999997 0.80000001 0.77999997 0.86000001
 0.77999997 0.77999997 0.80000001 0.80000001 0.86000001 0.77999997
 0.77999997 0.77999997 0.83999997 0.77999997 0.77999997 0.77999997
 0.86000001 0.86000001 0.86000001 0.86000001 0.88       0.88
 0.88       0.86000001 0.83999997]
[0.83999997 0.86000001 0.86000001 0.86000001 0.86000001 0.86000001
 0.86000001 0.86000001 0.86000001 0.86000001 0.86000001 0.86000001
 0.86000001 0.86000001 0.86000001 0.86000001 0.86000001 0.86000001
 0.86000001 0.86000001 0.86000001 0.86000001 0.86000001 0.86000001
 0.86000001 0.86000001 0.86000001 0.86000001 0.86000001 0.86000001
 0.86000001 0.86000001 0.86000001 0.86000001 0.86000001 0.86000001
 0.86000001 0.86000001 0.86000001 0.86000001 0.86000001 0.86000001
 0.86000001 0.86000001 0.83999997 0.83999997 0.83999997 0.83999997
 0.83999997 0.83999997 0.83999997 0.80000001 0.80000001 0.80000001
 0.80000001 0.80000001 0.81999999 0.80000001 0.83999997 0.83999997
 0.80000001 0.83999997 0.77999997 0.77999997 0.77999997 0.77999997
 0.77999997 0.77999997 0.77999997 0.77999997 0.77999997 0.80000001
 0.77999997 0.77999997 0.77999997 0.80000001 0.77999997 0.86000001
 0.77999997 0.77999997 0.80000001 0.80000001 0.86000001 0.77999997
 0.77999997 0.77999997 0.83999997 0.77999997 0.77999997 0.77999997
 0.86000001 0.86000001 0.86000001 0.86000001 0.88       0.88
 0.88       0.86000001 0.83999997 0.83999997]
