[0.91600001]
[0.91600001 0.91600001]
[0.91600001 0.91600001 0.91600001]
[0.91600001 0.91600001 0.91600001 0.91600001]
[0.91600001 0.91600001 0.91600001 0.91600001 0.91600001]
[0.91600001 0.91600001 0.91600001 0.91600001 0.91600001 0.91600001]
[0.91600001 0.91600001 0.91600001 0.91600001 0.91600001 0.91600001
 0.91600001]
[0.91600001 0.91600001 0.91600001 0.91600001 0.91600001 0.91600001
 0.91600001 0.92000002]
[0.91600001 0.91600001 0.91600001 0.91600001 0.91600001 0.91600001
 0.91600001 0.92000002 0.92000002]
[0.91600001 0.91600001 0.91600001 0.91600001 0.91600001 0.91600001
 0.91600001 0.92000002 0.92000002 0.92000002]
[0.91600001 0.91600001 0.91600001 0.91600001 0.91600001 0.91600001
 0.91600001 0.92000002 0.92000002 0.92000002 0.92000002]
[0.91600001 0.91600001 0.91600001 0.91600001 0.91600001 0.91600001
 0.91600001 0.92000002 0.92000002 0.92000002 0.92000002 0.92500001]
[0.91600001 0.91600001 0.91600001 0.91600001 0.91600001 0.91600001
 0.91600001 0.92000002 0.92000002 0.92000002 0.92000002 0.92500001
 0.92699999]
[0.91600001 0.91600001 0.91600001 0.91600001 0.91600001 0.91600001
 0.91600001 0.92000002 0.92000002 0.92000002 0.92000002 0.92500001
 0.92699999 0.92699999]
[0.91600001 0.91600001 0.91600001 0.91600001 0.91600001 0.91600001
 0.91600001 0.92000002 0.92000002 0.92000002 0.92000002 0.92500001
 0.92699999 0.92699999 0.92699999]
[0.91600001 0.91600001 0.91600001 0.91600001 0.91600001 0.91600001
 0.91600001 0.92000002 0.92000002 0.92000002 0.92000002 0.92500001
 0.92699999 0.92699999 0.92699999 0.92699999]
[0.91600001 0.91600001 0.91600001 0.91600001 0.91600001 0.91600001
 0.91600001 0.92000002 0.92000002 0.92000002 0.92000002 0.92500001
 0.92699999 0.92699999 0.92699999 0.92699999 0.92699999]
[0.91600001 0.91600001 0.91600001 0.91600001 0.91600001 0.91600001
 0.91600001 0.92000002 0.92000002 0.92000002 0.92000002 0.92500001
 0.92699999 0.92699999 0.92699999 0.92699999 0.92699999 0.92699999]
[0.91600001 0.91600001 0.91600001 0.91600001 0.91600001 0.91600001
 0.91600001 0.92000002 0.92000002 0.92000002 0.92000002 0.92500001
 0.92699999 0.92699999 0.92699999 0.92699999 0.92699999 0.92699999
 0.92699999]
[0.91600001 0.91600001 0.91600001 0.91600001 0.91600001 0.91600001
 0.91600001 0.92000002 0.92000002 0.92000002 0.92000002 0.92500001
 0.92699999 0.92699999 0.92699999 0.92699999 0.92699999 0.92699999
 0.92699999 0.92699999]
[0.91600001 0.91600001 0.91600001 0.91600001 0.91600001 0.91600001
 0.91600001 0.92000002 0.92000002 0.92000002 0.92000002 0.92500001
 0.92699999 0.92699999 0.92699999 0.92699999 0.92699999 0.92699999
 0.92699999 0.92699999 0.92699999]
